v 11 1602 30 1621 0
e 32 1602 49 1622 0
a 96 1602 114 1622 0
n 114 1602 135 1622 0
g 136 1593 155 1622 0
a 290 1602 308 1622 0
t 308 1602 320 1627 0
d 332 1602 352 1631 0
o 353 1602 371 1622 0
e 373 1602 390 1622 0
s 393 1602 406 1622 0
S 421 1602 439 1631 0
h 441 1602 462 1631 0
e 463 1602 480 1622 0
r 481 1602 495 1622 0
e 496 1602 513 1622 0
n 625 1602 646 1622 0
e 646 1602 663 1622 0
e 665 1602 682 1622 0
d 684 1602 704 1631 0
M 69 1543 104 1571 0
y 106 1534 127 1562 0
q 139 1534 159 1563 0
u 159 1543 180 1562 0
a 181 1543 199 1563 0
y 228 1534 249 1562 0
A 267 1543 297 1572 0
m 306 1543 339 1563 0
a 340 1543 358 1563 0
n 358 1543 379 1563 0
s 389 1543 402 1563 0
c 416 1543 432 1563 0
u 434 1543 455 1562 0
b 455 1543 474 1572 0
w 488 1543 518 1562 0
e 518 1543 535 1563 0
n 536 1543 557 1563 0
t 556 1543 568 1568 0
t 581 1543 593 1568 0
h 593 1543 614 1572 0
i 615 1543 625 1572 0
s 629 1543 642 1563 0
w 655 1543 685 1562 0
a 685 1543 703 1563 0
y 703 1534 724 1562 0
s 763 1543 776 1563 0
a 778 1543 796 1563 0
i 797 1543 807 1572 0
d 809 1543 829 1572 0
S 844 1543 862 1572 0
h 864 1543 885 1572 0
e 886 1543 903 1563 0
r 904 1543 918 1563 0
e 919 1543 936 1563 0
a 1000 1543 1018 1563 0
n 1018 1543 1039 1563 0
I 1078 1543 1090 1571 0
t 1092 1543 1104 1568 0
s 1106 1543 1119 1563 0
p 1133 1534 1152 1563 0
e 1188 1543 1205 1563 0
n 1206 1543 1227 1563 0
t 1227 1543 1239 1568 0
s 1241 1543 1254 1563 0
h 11 1495 31 1524 0
a 32 1495 50 1515 0
v 50 1495 70 1514 0
e 71 1495 88 1515 0
n 135 1495 156 1515 0
o 167 1495 185 1515 0
f 189 1495 205 1524 0
f 204 1495 220 1524 0
G 238 1495 267 1524 0
i 267 1495 277 1524 0
v 279 1495 299 1514 0
e 301 1495 318 1515 0
i 330 1495 340 1524 0
t 341 1495 353 1520 0
t 364 1495 376 1520 0
o 378 1495 396 1515 0
m 408 1495 441 1515 0
e 442 1495 459 1515 0
S 55 1437 73 1466 0
h 75 1437 96 1466 0
e 96 1437 113 1457 0
r 114 1437 128 1457 0
e 130 1437 147 1457 0
a 209 1437 227 1457 0
n 227 1437 248 1457 0
h 259 1437 280 1466 0
a 281 1437 299 1457 0
d 300 1437 320 1466 0
j 327 1428 338 1466 0
u 343 1437 364 1456 0
m 364 1437 397 1457 0
p 397 1428 416 1457 0
e 419 1437 436 1457 0
d 438 1437 458 1466 0
a 469 1437 487 1457 0
t 487 1437 499 1462 0
a 512 1437 530 1457 0
w 540 1437 570 1456 0
o 570 1437 588 1457 0
o 591 1437 609 1457 0
d 612 1437 632 1466 0
c 633 1437 649 1457 0
u 651 1437 672 1456 0
t 672 1437 684 1462 0
t 684 1437 696 1462 0
e 698 1437 715 1457 0
r 715 1437 729 1457 0
s 740 1437 753 1457 0
c 767 1437 783 1457 0
a 786 1437 804 1457 0
m 803 1437 836 1457 0
p 837 1428 856 1457 0
r 885 1437 899 1457 0
e 900 1437 917 1457 0
a 940 1437 958 1457 0
s 960 1437 973 1457 0
F 987 1437 1008 1465 0
a 1010 1437 1028 1457 0
t 1027 1437 1039 1462 0
h 1040 1437 1061 1466 0
e 1062 1437 1079 1457 0
r 1080 1437 1094 1457 0
W 1105 1436 1144 1465 0
o 1142 1437 1160 1457 0
l 1162 1437 1172 1466 0
f 1176 1437 1192 1466 0
h 1200 1437 1221 1466 0
a 1221 1437 1239 1457 0
d 1240 1437 1260 1466 0
s 12 1389 25 1409 0
a 28 1389 46 1409 0
i 46 1389 56 1418 0
d 59 1389 79 1418 0
d 144 1389 164 1418 0
w 178 1389 208 1408 0
a 209 1389 227 1409 0
s 228 1389 241 1409 0
f 259 1389 275 1418 0
u 272 1389 293 1408 0
r 293 1389 307 1409 0
i 308 1389 318 1418 0
o 321 1389 339 1409 0
u 341 1389 362 1408 0
s 364 1389 377 1409 0
f 395 1389 411 1418 0
r 407 1389 421 1409 0
o 423 1389 441 1409 0
m 443 1389 476 1409 0
t 490 1389 502 1414 0
h 503 1389 524 1418 0
e 525 1389 542 1409 0
p 557 1380 576 1409 0
a 579 1389 597 1409 0
i 597 1389 607 1418 0
n 609 1389 630 1409 0
o 645 1389 663 1409 0
f 667 1389 683 1418 0
h 694 1389 715 1418 0
i 716 1389 726 1418 0
s 729 1389 742 1409 0
b 758 1389 777 1418 0
u 779 1389 800 1408 0
r 800 1389 814 1409 0
n 815 1389 836 1409 0
e 837 1389 854 1409 0
d 855 1389 875 1418 0
f 892 1389 908 1418 0
e 905 1389 922 1409 0
e 924 1389 941 1409 0
t 942 1389 954 1414 0
B 980 1389 1005 1417 0
u 1006 1389 1027 1408 0
t 1027 1389 1039 1414 0
F 1055 1389 1076 1417 0
a 1078 1389 1096 1409 0
t 1095 1389 1107 1414 0
h 1108 1389 1129 1418 0
e 1130 1389 1147 1409 0
r 1148 1389 1162 1409 0
W 1177 1388 1216 1417 0
o 1213 1389 1231 1409 0
l 1234 1389 1244 1418 0
f 1247 1389 1263 1418 0
e 53 1341 70 1361 0
w 70 1341 100 1360 0
t 111 1341 123 1366 0
h 123 1341 144 1370 0
a 145 1341 163 1361 0
t 163 1341 175 1366 0
t 186 1341 198 1366 0
h 199 1341 220 1370 0
e 221 1341 238 1361 0
m 250 1341 283 1361 0
o 284 1341 302 1361 0
u 304 1341 325 1360 0
t 325 1341 337 1366 0
h 337 1341 358 1370 0
o 370 1341 388 1361 0
f 392 1341 408 1370 0
t 416 1341 428 1366 0
h 428 1341 449 1370 0
e 450 1341 467 1361 0
c 480 1341 496 1361 0
a 499 1341 517 1361 0
v 517 1341 537 1360 0
e 539 1341 556 1361 0
w 567 1341 597 1360 0
a 598 1341 616 1361 0
s 617 1341 630 1361 0
t 643 1341 655 1366 0
o 657 1341 675 1361 0
o 678 1341 696 1361 0
n 709 1341 730 1361 0
a 730 1341 748 1361 0
r 748 1341 762 1361 0
r 763 1341 777 1361 0
o 778 1341 796 1361 0
w 798 1341 828 1360 0
f 841 1341 857 1370 0
o 854 1341 872 1361 0
r 874 1341 888 1361 0
a 901 1341 919 1361 0
t 930 1341 942 1366 0
i 943 1341 953 1370 0
g 956 1332 975 1361 0
e 977 1341 994 1361 0
r 994 1341 1008 1361 0
t 1020 1341 1032 1366 0
o 1034 1341 1052 1361 0
c 1066 1341 1082 1361 0
o 1084 1341 1102 1361 0
m 1104 1341 1137 1361 0
e 1139 1341 1156 1361 0
i 1168 1341 1178 1370 0
n 1180 1341 1201 1361 0
b 1212 1341 1231 1370 0
y 1233 1332 1254 1360 0
E 11 1293 35 1321 0
v 35 1293 55 1312 0
e 57 1293 74 1313 0
n 75 1293 96 1313 0
w 109 1293 139 1312 0
h 138 1293 159 1322 0
e 160 1293 177 1313 0
r 178 1293 192 1313 0
e 193 1293 210 1313 0
h 225 1293 246 1322 0
e 247 1293 264 1313 0
w 278 1293 308 1312 0
a 308 1293 326 1313 0
s 328 1293 341 1313 0
S 370 1293 388 1322 0
h 390 1293 411 1322 0
e 412 1293 429 1313 0
r 429 1293 443 1313 0
e 445 1293 462 1313 0
s 576 1293 589 1313 0
s 607 1293 620 1313 0
h 622 1293 643 1322 0
o 643 1293 661 1313 0
u 663 1293 684 1312 0
l 685 1293 695 1322 0
d 698 1293 718 1322 0
e 718 1293 735 1313 0
r 736 1293 750 1313 0
s 753 1293 766 1313 0
a 782 1293 800 1313 0
n 800 1293 821 1313 0
d 822 1293 842 1322 0
f 857 1293 873 1322 0
o 871 1293 889 1313 0
r 891 1293 905 1313 0
e 906 1293 923 1313 0
p 924 1284 943 1313 0
a 946 1293 964 1313 0
w 964 1293 994 1312 0
s 995 1293 1008 1313 0
w 1023 1293 1053 1312 0
e 1053 1293 1070 1313 0
r 1071 1293 1085 1313 0
e 1087 1293 1104 1313 0
c 1119 1293 1135 1313 0
r 1137 1293 1151 1313 0
a 1153 1293 1171 1313 0
m 1170 1293 1203 1313 0
p 1204 1284 1223 1313 0
e 1226 1293 1243 1313 0
d 1244 1293 1264 1322 0
f 12 1245 28 1274 0
o 26 1245 44 1265 0
r 45 1245 59 1265 0
w 70 1245 100 1264 0
t 139 1245 151 1270 0
o 163 1245 181 1265 0
f 185 1245 201 1274 0
r 208 1245 222 1265 0
o 223 1245 241 1265 0
o 244 1245 262 1265 0
m 264 1245 297 1265 0
a 319 1245 337 1265 0
s 339 1245 352 1265 0
a 365 1245 383 1265 0
m 393 1245 426 1265 0
s 477 1245 490 1265 0
w 502 1245 532 1264 0
o 532 1245 550 1265 0
u 552 1245 573 1264 0
l 573 1245 583 1274 0
d 586 1245 606 1274 0
b 616 1245 635 1274 0
e 638 1245 655 1265 0
i 667 1245 677 1274 0
f 681 1245 697 1274 0
h 704 1245 725 1274 0
e 726 1245 743 1265 0
t 754 1245 766 1270 0
r 766 1245 780 1265 0
i 782 1245 792 1274 0
e 794 1245 811 1265 0
d 813 1245 833 1274 0
t 843 1245 855 1270 0
o 857 1245 875 1265 0
f 889 1245 905 1274 0
i 903 1245 913 1274 0
g 915 1236 934 1265 0
h 935 1245 956 1274 0
t 956 1245 968 1270 0
i 980 1245 990 1274 0
n 991 1245 1012 1265 0
a 1023 1245 1041 1265 0
b 1052 1245 1071 1274 0
a 1073 1245 1091 1265 0
r 1091 1245 1105 1265 0
r 1106 1245 1120 1265 0
e 1121 1245 1138 1265 0
l 1140 1245 1150 1274 0
T 69 1187 92 1215 0
h 93 1187 114 1216 0
e 115 1187 132 1207 0
W 148 1186 187 1215 0
o 185 1187 203 1207 0
l 206 1187 216 1216 0
v 217 1187 237 1206 0
e 239 1187 256 1207 0
s 259 1187 272 1207 0
a 290 1187 308 1207 0
r 308 1187 322 1207 0
e 323 1187 340 1207 0
a 357 1187 375 1207 0
f 393 1187 409 1216 0
r 405 1187 419 1207 0
e 421 1187 438 1207 0
e 440 1187 457 1207 0
p 473 1178 492 1207 0
e 495 1187 512 1207 0
o 514 1187 532 1207 0
p 533 1178 552 1207 0
l 555 1187 565 1216 0
e 568 1187 585 1207 0
s 630 1187 643 1207 0
a 646 1187 664 1207 0
i 664 1187 674 1216 0
d 677 1187 697 1216 0
F 713 1187 734 1215 0
a 736 1187 754 1207 0
t 754 1187 766 1212 0
h 767 1187 788 1216 0
e 788 1187 805 1207 0
r 806 1187 820 1207 0
W 836 1186 875 1215 0
o 873 1187 891 1207 0
l 893 1187 903 1216 0
f 907 1187 923 1216 0
T 963 1187 986 1215 0
h 987 1187 1008 1216 0
e 1009 1187 1026 1207 0
y 1027 1178 1048 1206 0
t 1063 1187 1075 1212 0
e 1116 1187 1133 1207 0
o 1151 1187 1169 1207 0
r 1170 1187 1184 1207 0
d 1186 1187 1206 1216 0
e 1207 1187 1224 1207 0
r 1225 1187 1239 1207 0
s 1241 1187 1254 1207 0
f 12 1139 28 1168 0
r 25 1139 39 1159 0
o 40 1139 58 1159 0
m 60 1139 93 1159 0
t 110 1139 122 1164 0
h 123 1139 144 1168 0
e 144 1139 161 1159 0
H 180 1139 209 1167 0
e 209 1139 226 1159 0
a 228 1139 246 1159 0
d 247 1139 267 1168 0
o 284 1139 302 1159 0
f 306 1139 322 1168 0
t 336 1139 348 1164 0
h 348 1139 369 1168 0
e 370 1139 387 1159 0
P 405 1139 426 1167 0
a 428 1139 446 1159 0
c 447 1139 463 1159 0
k 465 1139 486 1168 0
a 514 1139 532 1159 0
n 532 1139 553 1159 0
d 554 1139 574 1168 0
n 590 1139 611 1159 0
o 612 1139 630 1159 0
t 632 1139 644 1164 0
f 663 1139 679 1168 0
r 676 1139 690 1159 0
o 691 1139 709 1159 0
m 711 1139 744 1159 0
a 762 1139 780 1159 0
n 780 1139 801 1159 0
y 801 1130 822 1158 0
s 841 1139 854 1159 0
t 855 1139 867 1164 0
r 868 1139 882 1159 0
i 883 1139 893 1168 0
p 895 1130 914 1159 0
e 917 1139 934 1159 0
d 936 1139 956 1168 0
c 973 1139 989 1159 0
a 992 1139 1010 1159 0
t 1010 1139 1022 1164 0
t 1022 1139 1034 1164 0
l 1036 1139 1046 1168 0
e 1048 1139 1065 1159 0
l 1115 1139 1125 1168 0
l 1127 1139 1137 1168 0
e 1140 1139 1157 1159 0
r 1158 1139 1172 1159 0
T 1198 1139 1221 1167 0
h 1222 1139 1243 1168 0
e 1244 1139 1261 1159 0
m 11 1091 43 1111 0
a 44 1091 62 1111 0
n 62 1091 83 1111 0
s 93 1091 106 1111 0
c 119 1091 135 1111 0
u 137 1091 158 1110 0
b 158 1091 177 1120 0
i 190 1091 200 1120 0
s 204 1091 217 1111 0
o 230 1091 248 1111 0
s 287 1091 300 1111 0
t 343 1091 355 1116 0
o 357 1091 375 1111 0
k 387 1091 408 1120 0
i 409 1091 419 1120 0
l 421 1091 431 1120 0
l 434 1091 444 1120 0
i 457 1091 467 1120 0
f 470 1091 486 1120 0
w 493 1091 523 1110 0
e 523 1091 540 1111 0
c 553 1091 569 1111 0
h 570 1091 591 1120 0
o 592 1091 610 1111 0
o 613 1091 631 1111 0
s 635 1091 648 1111 0
e 651 1091 668 1111 0
Y 68 1033 98 1061 0
e 94 1033 111 1053 0
c 124 1033 140 1053 0
h 141 1033 162 1062 0
o 163 1033 181 1053 0
o 184 1033 202 1053 0
s 206 1033 219 1053 0
e 222 1033 239 1053 0
a 251 1033 269 1053 0
n 269 1033 290 1053 0
d 291 1033 311 1062 0
y 321 1024 342 1052 0
e 343 1033 360 1053 0
d 373 1033 393 1062 0
o 393 1033 411 1053 0
n 424 1033 445 1053 0
o 446 1033 464 1053 0
t 466 1033 478 1058 0
c 490 1033 506 1053 0
h 508 1033 529 1062 0
o 529 1033 547 1053 0
o 550 1033 568 1053 0
s 572 1033 585 1053 0
e 588 1033 605 1053 0
a 692 1033 710 1053 0
t 710 1033 722 1058 0
t 733 1033 745 1058 0
a 747 1033 765 1053 0
l 765 1033 775 1062 0
k 777 1033 798 1062 0
i 809 1033 819 1062 0
s 823 1033 836 1053 0
t 848 1033 860 1058 0
h 861 1033 882 1062 0
i 883 1033 893 1062 0
s 896 1033 909 1053 0
o 922 1033 940 1053 0
f 944 1033 960 1062 0
c 969 1033 985 1053 0
h 986 1033 1007 1062 0
o 1008 1033 1026 1053 0
o 1029 1033 1047 1053 0
s 1051 1033 1064 1053 0
i 1067 1033 1077 1062 0
n 1078 1033 1099 1053 0
g 1100 1024 1119 1053 0
B 1150 1033 1175 1061 0
y 1176 1024 1197 1052 0
t 1208 1033 1220 1058 0
h 1220 1033 1241 1062 0
e 1242 1033 1259 1053 0
b 11 985 29 1014 0
u 31 985 52 1004 0
l 53 985 63 1014 0
l 65 985 75 1014 0
t 93 985 105 1010 0
h 105 985 126 1014 0
a 127 985 145 1005 0
t 145 985 157 1010 0
I 174 985 186 1013 0
k 204 985 225 1014 0
i 226 985 236 1014 0
l 238 985 248 1014 0
l 251 985 261 1014 0
e 263 985 280 1005 0
d 282 985 302 1014 0
a 330 985 348 1005 0
m 347 985 380 1005 0
I 398 985 410 1013 0
t 427 985 439 1010 0
o 441 985 459 1005 0
s 479 985 492 1005 0
t 494 985 506 1010 0
a 507 985 525 1005 0
n 525 985 546 1005 0
d 547 985 567 1014 0
n 583 985 604 1005 0
o 604 985 622 1005 0
s 626 985 639 1005 0
i 642 985 652 1014 0
n 653 985 674 1005 0
g 675 976 694 1005 0
i 712 985 722 1014 0
n 724 985 745 1005 0
t 744 985 756 1010 0
o 758 985 776 1005 0
y 794 976 815 1004 0
o 816 985 834 1005 0
d 888 985 908 1014 0
o 909 985 927 1005 0
g 930 976 949 1005 0
s 960 985 973 1005 0
d 992 985 1012 1014 0
e 1013 985 1030 1005 0
n 1030 985 1051 1005 0
f 1069 985 1085 1014 0
o 1083 985 1101 1005 0
r 1103 985 1117 1005 0
m 1133 985 1166 1005 0
y 1167 976 1188 1004 0
f 1206 985 1222 1014 0
a 1219 985 1237 1005 0
i 1238 985 1248 1014 0
r 1250 985 1264 1005 0
d 11 937 31 966 0
u 31 937 52 956 0
e 53 937 70 957 0
s 72 937 85 957 0
I 117 937 129 965 0
t 131 937 143 962 0
i 155 937 165 966 0
s 168 937 181 957 0
I 194 937 206 965 0
S 232 937 250 966 0
h 252 937 273 966 0
e 273 937 290 957 0
r 291 937 305 957 0
e 307 937 324 957 0
a 386 937 404 957 0
n 404 937 425 957 0
w 445 937 475 956 0
h 475 937 496 966 0
o 496 937 514 957 0
s 529 937 542 957 0
p 543 928 562 957 0
e 565 937 582 957 0
a 584 937 602 957 0
k 602 937 623 966 0
T 53 879 76 907 0
h 77 879 98 908 0
e 98 879 115 899 0
t 139 879 151 904 0
i 152 879 162 908 0
g 165 870 184 899 0
e 186 879 203 899 0
r 203 879 217 899 0
s 228 879 241 899 0
r 266 879 280 899 0
o 281 879 299 899 0
a 302 879 320 899 0
r 320 879 334 899 0
f 359 879 375 908 0
i 373 879 383 908 0
l 385 879 395 908 0
l 398 879 408 908 0
e 410 879 427 899 0
d 429 879 449 908 0
t 472 879 484 904 0
h 484 879 505 908 0
e 506 879 523 899 0
c 547 879 563 899 0
a 566 879 584 899 0
v 584 879 604 898 0
e 606 879 623 899 0
t 688 879 700 904 0
h 700 879 721 908 0
t 744 879 756 904 0
h 756 879 777 908 0
u 777 879 798 898 0
n 798 879 819 899 0
d 820 879 840 908 0
e 841 879 858 899 0
r 858 879 872 899 0
M 905 879 940 907 0
o 943 879 961 899 0
t 962 879 974 904 0
h 975 879 996 908 0
e 997 879 1014 899 0
r 1014 879 1028 899 0
W 1052 878 1091 907 0
o 1088 879 1106 899 0
l 1109 879 1119 908 0
f 1123 879 1139 908 0
s 1160 879 1173 899 0
h 1175 879 1196 908 0
o 1196 879 1214 899 0
o 1217 879 1235 899 0
k 1237 879 1258 908 0
h 11 831 31 860 0
e 32 831 49 851 0
r 50 831 64 851 0
s 66 831 79 851 0
e 82 831 99 851 0
l 101 831 111 860 0
f 114 831 130 860 0
c 145 831 161 851 0
l 164 831 174 860 0
e 177 831 194 851 0
a 195 831 213 851 0
r 213 831 227 851 0
o 246 831 264 851 0
f 268 831 284 860 0
t 298 831 310 856 0
h 311 831 332 860 0
e 333 831 350 851 0
c 369 831 385 851 0
u 387 831 408 850 0
b 408 831 427 860 0
s 431 831 444 851 0
a 464 831 482 851 0
n 482 831 503 851 0
d 504 831 524 860 0
s 543 831 556 851 0
p 558 822 577 851 0
r 579 831 593 851 0
a 594 831 612 851 0
n 612 831 633 851 0
g 634 822 653 851 0
f 673 831 689 860 0
o 687 831 705 851 0
d 785 831 805 860 0
h 833 831 854 860 0
e 855 831 872 851 0
r 872 831 886 851 0
e 906 831 923 851 0
y 923 822 944 850 0
e 945 831 962 851 0
s 965 831 978 851 0
l 1009 831 1019 860 0
i 1021 831 1031 860 0
k 1033 831 1054 860 0
e 1055 831 1072 851 0
t 1090 831 1102 856 0
w 1103 831 1133 850 0
o 1133 831 1151 851 0
g 1171 822 1190 851 0
r 1191 831 1205 851 0
e 1207 831 1224 851 0
e 1226 831 1243 851 0
n 1243 831 1264 851 0
m 11 783 43 803 0
o 44 783 62 803 0
o 65 783 83 803 0
n 85 783 106 803 0
s 108 783 121 803 0
i 134 783 144 812 0
n 145 783 166 803 0
t 177 783 189 808 0
h 189 783 210 812 0
e 211 783 228 803 0
d 240 783 260 812 0
a 261 783 279 803 0
r 279 783 293 803 0
e 336 783 353 803 0
s 356 783 369 803 0
s 372 783 385 803 0
f 410 783 426 812 0
a 423 783 441 803 0
c 442 783 458 803 0
i 461 783 471 812 0
n 472 783 493 803 0
g 494 774 513 803 0
t 525 783 537 808 0
h 537 783 558 812 0
e 559 783 576 803 0
b 587 783 606 812 0
l 609 783 619 812 0
a 621 783 639 803 0
z 640 783 657 802 0
i 659 783 669 812 0
n 670 783 691 803 0
g 692 774 711 803 0
e 723 783 740 803 0
y 741 774 762 802 0
e 763 783 780 803 0
s 783 783 796 803 0
o 809 783 827 803 0
f 831 783 847 812 0
S 857 783 875 812 0
h 877 783 898 812 0
e 898 783 915 803 0
r 916 783 930 803 0
e 932 783 949 803 0
a 1011 783 1029 803 0
n 1029 783 1050 803 0
d 119 725 139 754 0
i 159 725 169 754 0
t 170 725 182 750 0
i 203 725 213 754 0
s 216 725 229 745 0
I 251 725 263 753 0
R 295 725 322 753 0
a 322 725 340 745 0
k 340 725 361 754 0
s 363 725 376 745 0
h 377 725 398 754 0
a 399 725 417 745 0
T 451 725 474 753 0
h 475 725 496 754 0
e 497 725 514 745 0
D 535 725 563 753 0
e 564 725 581 745 0
m 582 725 615 745 0
o 616 725 634 745 0
n 636 725 657 745 0
w 701 725 731 744 0
h 730 725 751 754 0
o 752 725 770 745 0
a 791 725 809 745 0
n 809 725 830 745 0
s 832 725 845 745 0
w 847 725 877 744 0
e 877 725 894 745 0
r 895 725 909 745 0
s 911 725 924 745 0
T 956 725 979 753 0
h 980 725 1001 754 0
e 1002 725 1019 745 0
m 1039 725 1072 745 0
a 1073 725 1091 745 0
n 1091 725 1112 745 0
s 1122 725 1135 745 0
c 1157 725 1173 745 0
u 1174 725 1195 744 0
b 1195 725 1214 754 0
i 1236 725 1246 754 0
s 1249 725 1262 745 0
m 11 677 43 697 0
i 44 677 54 706 0
n 56 677 77 697 0
e 78 677 95 697 0
L 122 677 146 705 0
u 146 677 167 696 0
n 167 677 188 697 0
g 189 668 208 697 0
r 209 677 223 697 0
i 224 677 234 706 0
m 278 677 311 697 0
i 312 677 322 706 0
n 323 677 344 697 0
e 345 677 362 697 0
t 378 677 390 702 0
o 392 677 410 697 0
m 427 677 460 697 0
e 462 677 479 697 0
H 511 677 540 705 0
e 540 677 557 697 0
s 575 677 588 697 0
h 590 677 611 706 0
a 611 677 629 697 0
l 630 677 640 706 0
l 643 677 653 706 0
n 670 677 691 697 0
o 692 677 710 697 0
t 711 677 723 702 0
b 739 677 758 706 0
e 761 677 778 697 0
l 829 677 839 706 0
l 841 677 851 706 0
e 854 677 871 697 0
d 873 677 893 706 0
H 920 677 949 705 0
e 949 677 966 697 0
s 984 677 997 697 0
h 999 677 1020 706 0
a 1020 677 1038 697 0
l 1039 677 1049 706 0
l 1052 677 1062 706 0
l 1080 677 1090 706 0
i 1092 677 1102 706 0
v 1104 677 1124 696 0
e 1126 677 1143 697 0
t 1159 677 1171 702 0
o 1172 677 1190 697 0
n 1243 677 1264 697 0
t 52 629 64 654 0
h 64 629 85 658 0
t 97 629 109 654 0
h 110 629 131 658 0
e 131 629 148 649 0
P 162 629 183 657 0
a 185 629 203 649 0
c 204 629 220 649 0
k 222 629 243 658 0
a 256 629 274 649 0
n 274 629 295 649 0
d 295 629 315 658 0
t 327 629 339 654 0
o 341 629 359 649 0
h 373 629 394 658 0
u 394 629 415 648 0
n 415 629 436 649 0
t 436 629 448 654 0
t 502 629 514 654 0
h 514 629 535 658 0
t 547 629 559 654 0
h 560 629 581 658 0
e 582 629 599 649 0
P 613 629 634 657 0
a 636 629 654 649 0
c 654 629 670 649 0
k 672 629 693 658 0
d 758 629 778 658 0
i 791 629 801 658 0
n 803 629 824 649 0
t 836 629 848 654 0
h 848 629 869 658 0
e 870 629 887 649 0
e 901 629 918 649 0
n 919 629 940 649 0
d 941 629 961 658 0
l 984 629 994 658 0
o 997 629 1015 649 0
o 1018 629 1036 649 0
k 1038 629 1059 658 0
y 1071 620 1092 648 0
o 1092 629 1110 649 0
u 1112 629 1133 648 0
h 1156 629 1177 658 0
t 1218 629 1230 654 0
e 1232 629 1249 649 0
r 1250 629 1264 649 0
o 11 581 29 601 0
f 33 581 49 610 0
l 57 581 67 610 0
i 69 581 79 610 0
t 81 581 93 606 0
t 93 581 105 606 0
l 107 581 117 610 0
e 119 581 136 601 0
n 147 581 168 601 0
a 169 581 187 601 0
k 187 581 208 610 0
e 209 581 226 601 0
d 228 581 248 610 0
c 259 581 275 601 0
u 277 581 298 600 0
b 297 581 316 610 0
s 320 581 333 601 0
f 379 581 395 610 0
r 391 581 405 601 0
o 407 581 425 601 0
g 428 572 447 601 0
e 463 581 480 601 0
a 482 581 500 601 0
t 500 581 512 606 0
e 513 581 530 601 0
r 531 581 545 601 0
f 589 581 605 610 0
i 603 581 613 610 0
s 616 581 629 601 0
h 631 581 652 610 0
k 666 581 687 610 0
i 688 581 698 610 0
l 701 581 711 610 0
l 713 581 723 610 0
e 726 581 743 601 0
r 743 581 757 601 0
h 800 581 821 610 0
e 821 581 838 601 0
s 852 581 865 601 0
h 866 581 887 610 0
a 888 581 906 601 0
l 907 581 917 610 0
l 919 581 929 610 0
h 941 581 962 610 0
u 962 581 983 600 0
n 983 581 1004 601 0
t 1004 581 1016 606 0
t 1027 581 1039 606 0
h 1039 581 1060 610 0
e 1061 581 1078 601 0
e 1080 581 1097 601 0
N 1121 581 1152 609 0
o 1153 581 1171 601 0
w 1172 581 1202 600 0
g 1213 572 1232 601 0
e 1234 581 1251 601 0
t 1252 581 1264 606 0
h 11 533 31 562 0
e 32 533 49 553 0
n 50 533 71 553 0
c 71 533 87 553 0
e 90 533 107 553 0
o 131 533 149 553 0
r 151 533 165 553 0
b 178 533 197 562 0
y 199 524 220 552 0
t 232 533 244 558 0
h 244 533 265 562 0
e 266 533 283 553 0
S 299 533 317 562 0
a 320 533 338 553 0
m 338 533 371 553 0
b 371 533 390 562 0
h 392 533 413 562 0
u 413 533 434 552 0
r 434 533 448 553 0
t 460 533 472 558 0
h 473 533 494 562 0
a 495 533 513 553 0
t 513 533 525 558 0
I 538 533 550 561 0
k 564 533 585 562 0
i 586 533 596 562 0
l 598 533 608 562 0
l 611 533 621 562 0
e 623 533 640 553 0
d 642 533 662 562 0
I 690 533 702 561 0
e 717 533 734 553 0
a 735 533 753 553 0
t 753 533 765 558 0
n 778 533 799 553 0
o 800 533 818 553 0
s 834 533 847 553 0
t 848 533 860 558 0
a 862 533 880 553 0
e 916 533 933 553 0
d 935 533 955 562 0
c 968 533 984 553 0
a 987 533 1005 553 0
t 1004 533 1016 558 0
t 1017 533 1029 558 0
l 1030 533 1040 562 0
e 1043 533 1060 553 0
b 1098 533 1117 562 0
a 1120 533 1138 553 0
c 1138 533 1154 553 0
k 1156 533 1177 562 0
t 1189 533 1201 558 0
h 1202 533 1223 562 0
o 1223 533 1241 553 0
u 1243 533 1264 552 0
g 11 476 30 505 0
o 32 485 50 505 0
e 53 485 70 505 0
s 72 485 85 505 0
t 87 485 99 510 0
t 118 485 130 510 0
o 131 485 149 505 0
t 169 485 181 510 0
h 182 485 203 514 0
y 203 476 224 504 0
m 242 485 275 505 0
o 276 485 294 505 0
t 296 485 308 510 0
h 308 485 329 514 0
e 330 485 347 505 0
r 348 485 362 505 0
b 389 485 408 514 0
u 410 485 431 504 0
e 467 485 484 505 0
d 486 485 506 514 0
b 524 485 543 514 0
e 546 485 563 505 0
a 565 485 583 505 0
s 584 485 597 505 0
t 599 485 611 510 0
o 631 485 649 505 0
f 653 485 669 514 0
t 683 485 695 510 0
h 696 485 717 514 0
e 718 485 735 505 0
j 751 476 762 514 0
u 766 485 787 504 0
n 787 485 808 505 0
g 809 476 828 505 0
l 830 485 840 514 0
e 842 485 859 505 0
l 890 485 900 514 0
a 902 485 920 505 0
m 920 485 953 505 0
e 954 485 971 505 0
r 972 485 986 505 0
t 1005 485 1017 510 0
h 1017 485 1038 514 0
a 1039 485 1057 505 0
n 1057 485 1078 505 0
e 1097 485 1114 505 0
v 1115 485 1135 504 0
e 1136 485 1153 505 0
r 1154 485 1168 505 0
t 1187 485 1199 510 0
h 1200 485 1221 514 0
o 1221 485 1239 505 0
u 1241 485 1262 504 0
c 11 437 27 457 0
a 30 437 48 457 0
m 47 437 80 457 0
e 82 437 99 457 0
s 102 437 115 457 0
t 116 437 128 462 0
i 140 437 150 466 0
n 152 437 173 457 0
t 172 437 184 462 0
o 186 437 204 457 0
t 216 437 228 462 0
h 229 437 250 466 0
e 251 437 268 457 0
w 279 437 309 456 0
o 309 437 327 457 0
r 329 437 343 457 0
l 344 437 354 466 0
d 357 437 377 466 0
G 403 437 432 466 0
o 432 437 450 457 0
F 53 379 74 407 0
a 76 379 94 399 0
t 93 379 105 404 0
h 106 379 127 408 0
e 128 379 145 399 0
r 145 379 159 399 0
W 171 378 210 407 0
o 207 379 225 399 0
l 228 379 238 408 0
f 242 379 258 408 0
l 267 379 277 408 0
o 279 379 297 399 0
o 300 379 318 399 0
k 320 379 341 408 0
e 342 379 359 399 0
d 360 379 380 408 0
o 392 379 410 399 0
n 412 379 433 399 0
a 445 379 463 399 0
m 463 379 496 399 0
a 497 379 515 399 0
z 516 379 533 398 0
e 535 379 552 399 0
d 553 379 573 408 0
H 596 379 625 407 0
e 625 379 642 399 0
h 654 379 675 408 0
a 676 379 694 399 0
d 695 379 715 408 0
a 727 379 745 399 0
l 745 379 755 408 0
m 757 379 790 399 0
o 791 379 809 399 0
s 813 379 826 399 0
t 828 379 840 404 0
f 853 379 869 408 0
o 867 379 885 399 0
r 887 379 901 399 0
g 900 370 919 399 0
o 921 379 939 399 0
t 941 379 953 404 0
t 953 379 965 404 0
e 967 379 984 399 0
n 985 379 1006 399 0
t 1017 379 1029 404 0
h 1029 379 1050 408 0
e 1051 379 1068 399 0
d 1081 379 1101 408 0
a 1102 379 1120 399 0
y 1120 370 1141 398 0
s 1142 379 1155 399 0
w 1168 379 1198 398 0
h 1197 379 1218 408 0
e 1219 379 1236 399 0
n 1237 379 1258 399 0
h 11 331 31 360 0
e 32 331 49 351 0
w 61 331 91 350 0
o 91 331 109 351 0
n 111 331 132 351 0
M 144 331 179 359 0
o 181 331 199 351 0
t 201 331 213 356 0
h 213 331 234 360 0
e 235 331 252 351 0
r 253 331 267 351 0
W 279 330 318 359 0
o 315 331 333 351 0
l 336 331 346 360 0
f 350 331 366 360 0
i 374 331 384 360 0
n 386 331 407 351 0
f 420 331 436 360 0
a 433 331 451 351 0
i 452 331 462 360 0
r 464 331 478 351 0
f 491 331 507 360 0
i 505 331 515 360 0
g 517 322 536 351 0
h 537 331 558 360 0
t 558 331 570 356 0
f 584 331 600 360 0
r 596 331 610 351 0
o 612 331 630 351 0
m 632 331 665 351 0
f 678 331 694 360 0
i 692 331 702 360 0
v 703 331 723 350 0
e 725 331 742 351 0
o 755 331 773 351 0
t 775 331 787 356 0
h 787 331 808 360 0
e 809 331 826 351 0
r 827 331 841 351 0
w 853 331 883 350 0
o 883 331 901 351 0
l 904 331 914 360 0
v 915 331 935 350 0
e 937 331 954 351 0
s 957 331 970 351 0
w 993 331 1023 350 0
h 1022 331 1043 360 0
e 1044 331 1061 351 0
n 1062 331 1083 351 0
s 1096 331 1109 351 0
h 1111 331 1132 360 0
e 1132 331 1149 351 0
r 1161 331 1175 351 0
a 1177 331 1195 351 0
n 1195 331 1216 351 0
i 1228 331 1238 360 0
n 1239 331 1260 351 0
t 11 283 22 308 0
h 22 283 43 312 0
e 44 283 61 303 0
P 80 283 101 311 0
a 103 283 121 303 0
c 122 283 138 303 0
k 140 283 161 312 0
a 179 283 197 303 0
n 197 283 218 303 0
d 219 283 239 312 0
w 256 283 286 302 0
a 286 283 304 303 0
s 306 283 319 303 0
n 338 283 359 303 0
o 360 283 378 303 0
t 380 283 392 308 0
c 410 283 426 303 0
a 429 283 447 303 0
l 448 283 458 312 0
l 460 283 470 312 0
e 473 283 490 303 0
d 492 283 512 312 0
T 530 283 553 311 0
h 554 283 575 312 0
e 576 283 593 303 0
D 612 283 640 311 0
e 641 283 658 303 0
m 659 283 692 303 0
o 693 283 711 303 0
n 713 283 734 303 0
f 753 283 769 312 0
o 767 283 785 303 0
r 787 283 801 303 0
c 820 283 836 303 0
o 839 283 857 303 0
m 858 283 891 303 0
p 892 274 911 303 0
l 914 283 924 312 0
i 926 283 936 312 0
m 938 283 971 303 0
e 972 283 989 303 0
n 990 283 1011 303 0
t 1010 283 1022 308 0
s 1033 283 1046 303 0
s 1067 283 1080 303 0
a 1083 283 1101 303 0
k 1101 283 1122 312 0
e 1123 283 1140 303 0
S 1171 283 1189 312 0
h 1191 283 1212 312 0
e 1213 283 1230 303 0
r 1231 283 1245 303 0
e 1246 283 1263 303 0
a 61 235 79 255 0
n 79 235 100 255 0
m 116 235 149 255 0
i 150 235 160 264 0
g 162 226 181 255 0
h 182 235 203 264 0
t 203 235 215 260 0
h 232 235 253 264 0
a 254 235 272 255 0
v 271 235 291 254 0
e 293 235 310 255 0
f 329 235 345 264 0
a 343 235 361 255 0
c 361 235 377 255 0
e 380 235 397 255 0
d 399 235 419 264 0
F 436 235 457 263 0
a 459 235 477 255 0
t 477 235 489 260 0
h 489 235 510 264 0
e 511 235 528 255 0
r 529 235 543 255 0
W 559 234 598 263 0
o 596 235 614 255 0
l 617 235 627 264 0
f 630 235 646 264 0
b 669 235 688 264 0
u 690 235 711 254 0
t 711 235 723 260 0
h 740 235 761 264 0
e 761 235 778 255 0
c 796 235 812 255 0
o 815 235 833 255 0
u 835 235 856 254 0
l 857 235 867 264 0
d 869 235 889 264 0
n 905 235 926 255 0
o 927 235 945 255 0
t 947 235 959 260 0
s 978 235 991 255 0
t 992 235 1004 260 0
d 1045 235 1065 264 0
u 1081 235 1102 254 0
p 1102 226 1121 255 0
a 1140 235 1158 255 0
g 1159 226 1178 255 0
a 1180 235 1198 255 0
i 1198 235 1208 264 0
n 1210 235 1231 255 0
s 1233 235 1246 255 0
t 1247 235 1259 260 0
M 11 187 46 215 0
o 48 187 66 207 0
t 68 187 80 212 0
h 81 187 102 216 0
e 103 187 120 207 0
r 120 187 134 207 0
W 147 186 186 215 0
o 183 187 201 207 0
l 204 187 214 216 0
f 217 187 233 216 0
f 254 187 270 216 0
o 267 187 285 207 0
r 287 187 301 207 0
h 313 187 334 216 0
e 335 187 352 207 0
n 365 187 406 216 0
e 407 187 424 207 0
w 425 187 455 206 0
t 466 187 478 212 0
h 478 187 499 216 0
a 500 187 518 207 0
t 518 187 530 212 0
w 542 187 572 206 0
h 571 187 592 216 0
e 593 187 610 207 0
r 611 187 625 207 0
e 626 187 643 207 0
h 656 187 677 216 0
e 677 187 694 207 0
w 707 187 737 206 0
a 737 187 755 207 0
s 757 187 770 207 0
s 785 187 798 207 0
h 800 187 821 216 0
e 822 187 839 207 0
h 851 187 872 216 0
a 873 187 891 207 0
d 892 187 912 216 0
a 924 187 942 207 0
l 943 187 953 216 0
l 955 187 965 216 0
t 978 187 990 212 0
h 991 187 1012 216 0
e 1013 187 1030 207 0
a 1043 187 1061 207 0
d 1062 187 1082 216 0
v 1082 187 1102 206 0
a 1103 187 1121 207 0
n 1121 187 1142 207 0
t 1142 187 1154 212 0
a 1156 187 1174 207 0
g 1174 178 1193 207 0
e 1195 187 1212 207 0
o 1226 187 1244 207 0
f 1247 187 1263 216 0
t 11 139 22 164 0
h 22 139 43 168 0
e 44 139 61 159 0
u 134 139 155 158 0
n 155 139 176 159 0
d 177 139 197 168 0
a 223 139 241 159 0
n 241 139 262 159 0
d 263 139 283 168 0
w 298 139 328 158 0
o 329 139 347 159 0
u 348 139 369 158 0
l 370 139 380 168 0
d 383 139 403 168 0
f 420 139 436 168 0
i 434 139 444 168 0
g 446 130 465 159 0
h 466 139 487 168 0
t 487 139 499 164 0
t 515 139 527 164 0
o 529 139 547 159 0
t 564 139 576 164 0
h 577 139 598 168 0
e 598 139 615 159 0
d 633 139 653 168 0
e 654 139 671 159 0
a 672 139 690 159 0
t 690 139 702 164 0
h 703 139 724 168 0
S 753 139 771 168 0
o 773 139 791 159 0
h 809 139 830 168 0
e 831 139 848 159 0
b 864 139 883 168 0
a 886 139 904 159 0
c 905 139 921 159 0
k 922 139 943 168 0
e 944 139 961 159 0
d 963 139 983 168 0
o 999 139 1017 159 0
u 1019 139 1040 158 0
t 1040 139 1052 164 0
o 1069 139 1087 159 0
f 1091 139 1107 168 0
t 1119 139 1131 164 0
h 1132 139 1153 168 0
e 1154 139 1171 159 0
c 1188 139 1204 159 0
a 1207 139 1225 159 0
v 1225 139 1245 158 0
e 1246 139 1263 159 0
m 11 91 43 111 0
o 44 91 62 111 0
u 64 91 85 110 0
t 85 91 97 116 0
h 97 91 118 120 0
g 130 82 149 111 0
r 150 91 164 111 0
o 165 91 183 111 0
w 185 91 215 110 0
l 215 91 225 120 0
i 228 91 238 120 0
n 239 91 260 111 0
g 261 82 280 111 0
d 342 91 362 120 0
w 372 91 402 110 0
h 402 91 423 120 0
e 423 91 440 111 0
n 441 91 462 111 0
h 472 91 493 120 0
e 494 91 511 111 0
w 522 91 552 110 0
a 553 91 571 111 0
s 572 91 585 111 0
c 598 91 614 111 0
l 617 91 627 120 0
e 630 91 647 111 0
a 648 91 666 111 0
r 666 91 680 111 0
h 691 91 712 120 0
e 713 91 730 111 0
s 743 91 756 111 0
h 758 91 779 120 0
o 780 91 798 111 0
u 800 91 821 110 0
t 820 91 832 116 0
e 834 91 851 111 0
d 853 91 873 120 0
E 69 33 93 61 0
a 94 33 112 53 0
c 113 33 129 53 0
h 131 33 152 62 0
d 164 33 184 62 0
o 184 33 202 53 0
g 205 24 224 53 0
b 236 33 255 62 0
a 258 33 276 53 0
r 276 33 290 53 0
k 290 33 311 62 0
s 313 33 326 53 0
i 340 33 350 62 0
n 351 33 372 53 0
h 383 33 404 62 0
i 405 33 415 62 0
s 418 33 431 53 0
o 445 33 463 53 0
y 526 24 547 52 0
d 581 33 601 62 0
W 626 32 665 61 0
e 663 33 680 53 0
w 691 33 721 52 0
i 722 33 732 62 0
l 734 33 744 62 0
l 747 33 757 62 0
s 771 33 784 53 0
e 787 33 804 53 0
e 805 33 822 53 0
w 834 33 864 52 0
h 863 33 884 62 0
a 885 33 903 53 0
t 903 33 915 58 0
t 926 33 938 58 0
h 939 33 960 62 0
e 961 33 978 53 0
P 990 33 1011 61 0
a 1013 33 1031 53 0
c 1032 33 1048 53 0
k 1050 33 1071 62 0
l 1124 33 1134 62 0
l 1137 33 1147 62 0
s 1161 33 1174 53 0
a 1177 33 1195 53 0
y 1195 24 1216 52 0
t 1227 33 1239 58 0
o 1240 33 1258 53 0
