r 11 1602 24 1622 0
i 26 1602 36 1631 0
v 37 1602 57 1621 0
e 59 1602 76 1622 0
r 77 1602 91 1622 0
h 106 1602 127 1631 0
e 127 1602 144 1622 0
h 160 1602 181 1631 0
e 181 1602 198 1622 0
a 200 1602 218 1622 0
r 218 1602 232 1622 0
d 234 1602 254 1631 0
t 268 1602 280 1627 0
h 280 1602 301 1631 0
e 302 1602 319 1622 0
d 335 1602 355 1631 0
r 355 1602 369 1622 0
y 370 1593 391 1621 0
a 414 1602 432 1622 0
n 432 1602 453 1622 0
g 454 1593 473 1622 0
s 534 1602 547 1622 0
n 549 1602 570 1622 0
a 570 1602 588 1622 0
r 588 1602 602 1622 0
l 604 1602 614 1631 0
y 615 1593 636 1621 0
s 661 1602 674 1622 0
i 676 1602 686 1631 0
n 688 1602 709 1622 0
g 710 1593 729 1622 0
s 732 1602 745 1622 0
o 747 1602 765 1622 0
n 767 1602 788 1622 0
g 789 1593 808 1622 0
w 823 1602 853 1621 0
h 852 1602 873 1631 0
i 874 1602 884 1631 0
n 886 1602 907 1622 0
e 908 1602 925 1622 0
o 941 1602 959 1622 0
f 963 1602 979 1631 0
a 991 1602 1009 1622 0
t 1023 1602 1035 1627 0
i 1036 1602 1046 1631 0
g 1049 1593 1068 1622 0
e 1070 1602 1087 1622 0
r 1087 1602 1101 1622 0
w 1116 1602 1146 1621 0
h 1145 1602 1166 1631 0
o 1167 1602 1185 1622 0
h 1202 1602 1223 1631 0
a 1223 1602 1241 1622 0
s 1243 1602 1256 1622 0
c 11 1554 27 1574 0
a 30 1554 48 1574 0
u 47 1554 68 1573 0
g 69 1545 88 1574 0
h 89 1554 110 1583 0
t 110 1554 122 1579 0
n 133 1554 154 1574 0
o 155 1554 173 1574 0
t 175 1554 187 1579 0
h 187 1554 208 1583 0
i 209 1554 219 1583 0
n 220 1554 241 1574 0
g 242 1545 261 1574 0
a 273 1554 291 1574 0
n 291 1554 312 1574 0
d 313 1554 333 1583 0
d 344 1554 364 1583 0
o 365 1554 383 1574 0
e 386 1554 403 1574 0
s 406 1554 419 1574 0
n 431 1554 452 1574 0
o 453 1554 471 1574 0
t 472 1554 484 1579 0
c 496 1554 512 1574 0
a 515 1554 533 1574 0
r 533 1554 547 1574 0
e 548 1554 565 1574 0
i 578 1554 588 1583 0
f 591 1554 607 1583 0
a 615 1554 633 1574 0
l 634 1554 644 1583 0
l 646 1554 656 1583 0
t 668 1554 680 1579 0
h 681 1554 702 1583 0
e 703 1554 720 1574 0
j 728 1545 739 1583 0
u 743 1554 764 1573 0
n 764 1554 785 1574 0
g 786 1545 805 1574 0
l 807 1554 817 1583 0
e 819 1554 836 1574 0
k 847 1554 868 1583 0
n 869 1554 890 1575 0
o 890 1554 908 1574 0
w 910 1554 940 1573 0
s 941 1554 954 1574 0
i 967 1554 977 1583 0
t 979 1554 991 1579 0
T 69 1495 92 1523 0
h 93 1495 114 1524 0
e 115 1495 132 1515 0
f 146 1495 162 1524 0
o 160 1495 178 1515 0
o 181 1495 199 1515 0
l 202 1495 212 1524 0
s 258 1495 271 1515 0
a 274 1495 292 1515 0
i 292 1495 302 1524 0
d 305 1495 325 1524 0
F 337 1495 358 1523 0
a 360 1495 378 1515 0
t 378 1495 390 1520 0
h 391 1495 412 1524 0
e 412 1495 429 1515 0
r 430 1495 444 1515 0
W 456 1494 495 1523 0
o 493 1495 511 1515 0
l 514 1495 524 1524 0
f 527 1495 543 1524 0
T 579 1495 602 1523 0
o 602 1495 620 1515 0
b 634 1495 653 1524 0
e 656 1495 673 1515 0
g 674 1486 693 1515 0
i 695 1495 705 1524 0
n 707 1495 728 1515 0
i 740 1495 758 1515 0
g 804 1486 823 1515 0
h 824 1495 845 1524 0
t 845 1495 857 1520 0
s 867 1495 880 1515 0
w 894 1495 924 1514 0
o 924 1495 942 1515 0
r 944 1495 958 1515 0
k 958 1495 979 1524 0
t 1032 1495 1044 1520 0
h 1045 1495 1066 1524 0
t 1077 1495 1089 1520 0
h 1090 1495 1111 1524 0
a 1112 1495 1130 1515 0
t 1130 1495 1142 1520 0
n 1154 1495 1175 1515 0
o 1176 1495 1194 1515 0
i 1196 1495 1206 1524 0
s 1210 1495 1223 1515 0
e 1226 1495 1243 1515 0
D 11 1447 39 1475 0
o 40 1447 58 1467 0
e 61 1447 78 1467 0
s 81 1447 94 1467 0
h 106 1447 127 1476 0
e 128 1447 145 1467 0
t 156 1447 168 1472 0
h 168 1447 189 1476 0
i 190 1447 200 1476 0
t 254 1447 266 1472 0
h 266 1447 287 1476 0
a 288 1447 306 1467 0
t 306 1447 318 1472 0
o 330 1447 348 1467 0
b 395 1447 414 1476 0
u 416 1447 437 1466 0
c 438 1447 454 1467 0
k 456 1447 477 1476 0
a 488 1447 506 1467 0
r 506 1447 520 1467 0
e 521 1447 538 1467 0
l 551 1447 561 1476 0
i 563 1447 573 1476 0
k 575 1447 596 1476 0
e 596 1447 613 1467 0
s 660 1447 673 1467 0
f 687 1447 703 1476 0
a 701 1447 719 1467 0
t 718 1447 730 1472 0
W 741 1446 780 1475 0
a 782 1447 800 1467 0
i 801 1447 811 1476 0
n 812 1447 833 1467 0
g 834 1438 853 1467 0
u 854 1447 875 1466 0
n 875 1447 896 1467 0
g 896 1438 915 1467 0
a 917 1447 935 1467 0
b 945 1447 964 1476 0
u 966 1447 987 1466 0
l 988 1447 998 1476 0
l 1001 1447 1011 1476 0
o 1013 1447 1031 1467 0
c 1034 1447 1050 1467 0
k 1052 1447 1073 1476 0
s 1074 1447 1087 1467 0
s 108 1389 121 1409 0
h 122 1389 143 1418 0
I 171 1389 183 1417 0
t 185 1389 197 1414 0
i 215 1389 225 1418 0
s 229 1389 242 1409 0
n 260 1389 281 1409 0
e 282 1389 299 1409 0
i 301 1389 311 1418 0
t 312 1389 324 1414 0
h 325 1389 346 1418 0
e 346 1389 363 1409 0
r 364 1389 378 1409 0
b 395 1389 414 1418 0
u 416 1389 437 1408 0
l 438 1389 448 1418 0
l 451 1389 461 1418 0
o 463 1389 481 1409 0
c 484 1389 500 1409 0
k 502 1389 523 1418 0
n 539 1389 560 1409 0
o 561 1389 579 1409 0
r 581 1389 595 1409 0
b 612 1389 631 1418 0
u 633 1389 654 1408 0
c 655 1389 671 1409 0
k 672 1389 693 1418 0
h 710 1389 731 1418 0
e 732 1389 749 1409 0
h 766 1389 787 1418 0
u 787 1389 808 1408 0
n 808 1389 829 1409 0
t 829 1389 841 1414 0
s 843 1389 856 1409 0
t 875 1389 887 1414 0
o 888 1389 906 1409 0
n 922 1389 943 1409 0
i 944 1389 954 1418 0
h 977 1389 998 1418 0
s 1056 1389 1069 1409 0
a 1071 1389 1089 1409 0
i 1090 1389 1100 1418 0
d 1103 1389 1123 1418 0
M 1140 1389 1175 1417 0
o 1178 1389 1196 1409 0
t 1197 1389 1209 1414 0
h 1210 1389 1231 1418 0
e 1232 1389 1249 1409 0
r 1250 1389 1264 1409 0
W 11 1340 49 1369 0
o 51 1341 69 1361 0
l 71 1341 81 1370 0
f 85 1341 101 1370 0
I 136 1341 148 1369 0
t 150 1341 162 1366 0
i 173 1341 183 1370 0
s 187 1341 200 1361 0
M 213 1341 248 1369 0
T 53 1283 76 1311 0
h 77 1283 98 1312 0
e 98 1283 115 1303 0
w 127 1283 157 1302 0
h 156 1283 177 1312 0
i 178 1283 188 1312 0
n 190 1283 211 1303 0
e 212 1283 229 1303 0
h 240 1283 261 1312 0
a 262 1283 280 1303 0
d 281 1283 301 1312 0
c 313 1283 329 1303 0
h 331 1283 352 1312 0
a 352 1283 370 1303 0
n 370 1283 391 1303 0
g 392 1274 411 1303 0
e 413 1283 430 1303 0
d 432 1283 452 1312 0
t 462 1283 474 1308 0
o 476 1283 494 1303 0
a 508 1283 526 1303 0
s 539 1283 552 1303 0
o 554 1283 572 1303 0
r 574 1283 588 1303 0
t 589 1283 601 1308 0
o 613 1283 631 1303 0
f 635 1283 651 1312 0
h 659 1283 680 1312 0
u 680 1283 701 1302 0
m 700 1283 733 1303 0
m 734 1283 767 1303 0
i 768 1283 778 1312 0
n 780 1283 801 1303 0
g 801 1274 820 1303 0
p 832 1274 851 1303 0
u 853 1283 874 1302 0
r 874 1283 888 1303 0
r 889 1283 903 1303 0
t 914 1283 926 1308 0
h 927 1283 948 1312 0
a 949 1283 967 1303 0
t 966 1283 978 1308 0
s 992 1283 1005 1303 0
e 1008 1283 1025 1303 0
e 1026 1283 1043 1303 0
m 1044 1283 1077 1303 0
e 1078 1283 1095 1303 0
d 1097 1283 1117 1312 0
t 1128 1283 1140 1308 0
o 1142 1283 1160 1303 0
c 1173 1283 1189 1303 0
o 1192 1283 1210 1303 0
m 1212 1283 1245 1303 0
e 1246 1283 1263 1303 0
f 12 1235 28 1264 0
r 25 1235 39 1255 0
o 40 1235 58 1255 0
m 60 1235 93 1255 0
e 117 1235 134 1255 0
v 135 1235 155 1254 0
e 157 1235 174 1255 0
r 174 1235 188 1255 0
y 189 1226 210 1254 0
q 233 1226 253 1255 0
u 253 1235 274 1254 0
a 275 1235 293 1255 0
e 321 1235 338 1255 0
r 339 1235 353 1255 0
o 377 1235 395 1255 0
f 399 1235 415 1264 0
t 434 1235 446 1260 0
h 447 1235 468 1264 0
e 468 1235 485 1255 0
c 510 1235 526 1255 0
o 529 1235 547 1255 0
m 549 1235 582 1255 0
p 582 1226 601 1255 0
a 604 1235 622 1255 0
s 623 1235 636 1255 0
s 640 1235 653 1255 0
I 689 1235 701 1263 0
t 702 1235 714 1260 0
w 738 1235 768 1254 0
a 768 1235 786 1255 0
s 788 1235 801 1255 0
t 825 1235 837 1260 0
h 838 1235 859 1264 0
e 859 1235 876 1255 0
n 900 1235 921 1255 0
o 922 1235 940 1255 0
i 942 1235 952 1264 0
s 956 1235 969 1255 0
e 972 1235 989 1255 0
t 1012 1235 1024 1260 0
h 1025 1235 1046 1264 0
a 1046 1235 1064 1255 0
t 1064 1235 1076 1260 0
b 1100 1235 1119 1264 0
e 1121 1235 1138 1255 0
l 1182 1235 1192 1264 0
d 1194 1235 1214 1264 0
e 1215 1235 1232 1255 0
r 1233 1235 1247 1255 0
s 1249 1235 1262 1255 0
w 11 1187 40 1206 0
o 40 1187 58 1207 0
o 61 1187 79 1207 0
d 82 1187 102 1216 0
c 103 1187 119 1207 0
u 120 1187 141 1206 0
t 141 1187 153 1212 0
t 154 1187 166 1212 0
e 167 1187 184 1207 0
r 185 1187 199 1207 0
s 202 1187 215 1207 0
a 240 1187 258 1207 0
n 258 1187 279 1207 0
d 280 1187 300 1216 0
g 324 1178 343 1207 0
s 387 1187 400 1207 0
i 403 1187 413 1216 0
e 415 1187 432 1207 0
s 435 1187 448 1207 0
s 475 1187 488 1207 0
l 491 1187 501 1216 0
e 503 1187 520 1207 0
e 522 1187 539 1207 0
p 540 1178 559 1207 0
i 562 1187 572 1216 0
n 573 1187 594 1207 0
g 595 1178 614 1207 0
i 639 1187 649 1216 0
n 650 1187 671 1207 0
t 694 1187 706 1212 0
h 707 1187 728 1216 0
e 729 1187 746 1207 0
o 770 1187 788 1207 0
p 790 1178 809 1207 0
e 812 1187 829 1207 0
n 830 1187 851 1207 0
a 885 1187 903 1207 0
n 903 1187 924 1207 0
d 925 1187 945 1216 0
m 968 1187 1001 1207 0
a 1002 1187 1020 1207 0
k 1020 1187 1041 1216 0
e 1042 1187 1059 1207 0
s 1061 1187 1074 1207 0
t 1099 1187 1111 1212 0
h 1112 1187 1133 1216 0
e 1134 1187 1151 1207 0
m 1151 1187 1184 1207 0
n 1243 1187 1264 1207 0
s 12 1139 25 1159 0
o 28 1139 46 1159 0
m 47 1139 80 1159 0
e 82 1139 99 1159 0
t 100 1139 112 1164 0
i 113 1139 123 1168 0
m 125 1139 158 1159 0
e 159 1139 176 1159 0
s 179 1139 192 1159 0
i 205 1139 215 1168 0
n 216 1139 237 1159 0
t 237 1139 249 1164 0
o 251 1139 269 1159 0
t 281 1139 293 1164 0
h 293 1139 314 1168 0
e 315 1139 332 1159 0
v 343 1139 363 1158 0
e 365 1139 382 1159 0
m 429 1139 462 1159 0
o 463 1139 481 1159 0
u 483 1139 504 1158 0
t 504 1139 516 1164 0
h 516 1139 537 1168 0
o 548 1139 566 1159 0
f 570 1139 586 1168 0
t 593 1139 605 1164 0
h 606 1139 627 1168 0
e 628 1139 645 1159 0
t 656 1139 668 1164 0
i 669 1139 679 1168 0
g 682 1130 701 1159 0
e 703 1139 720 1159 0
r 720 1139 734 1159 0
M 69 1081 104 1109 0
a 107 1081 125 1101 0
n 125 1081 146 1101 0
s 198 1081 211 1101 0
a 213 1081 231 1101 0
i 232 1081 242 1110 0
d 245 1081 265 1110 0
F 285 1081 306 1109 0
a 308 1081 326 1101 0
t 325 1081 337 1106 0
h 338 1081 359 1110 0
e 360 1081 377 1101 0
r 377 1081 391 1101 0
W 411 1080 450 1109 0
o 448 1081 466 1101 0
l 468 1081 478 1110 0
f 482 1081 498 1110 0
s 526 1081 539 1101 0
h 541 1081 562 1110 0
o 563 1081 581 1101 0
w 582 1081 612 1100 0
i 613 1081 623 1110 0
n 624 1081 645 1101 0
g 646 1072 665 1101 0
a 686 1081 704 1101 0
l 705 1081 715 1110 0
l 717 1081 727 1110 0
h 748 1081 769 1110 0
i 770 1081 780 1110 0
s 783 1081 796 1101 0
w 817 1081 847 1100 0
h 846 1081 867 1110 0
i 868 1081 878 1110 0
t 879 1081 891 1106 0
e 893 1081 910 1101 0
t 930 1081 942 1106 0
e 943 1081 960 1101 0
e 962 1081 979 1101 0
t 980 1081 992 1106 0
h 992 1081 1013 1110 0
F 1060 1081 1081 1109 0
a 1083 1081 1101 1101 0
u 1101 1081 1122 1100 0
g 1123 1072 1142 1101 0
h 1143 1081 1164 1110 0
e 1240 1081 1257 1101 0
t 11 1033 22 1058 0
h 22 1033 43 1062 0
e 44 1033 61 1053 0
r 62 1033 76 1053 0
e 78 1033 95 1053 0
n 107 1033 128 1053 0
o 129 1033 147 1053 0
t 149 1033 161 1058 0
e 174 1033 191 1053 0
n 192 1033 213 1053 0
o 214 1033 232 1053 0
u 233 1033 254 1052 0
g 255 1024 274 1053 0
h 275 1033 296 1062 0
b 308 1033 327 1062 0
e 330 1033 347 1053 0
e 348 1033 365 1053 0
t 366 1033 378 1058 0
l 380 1033 390 1062 0
e 392 1033 409 1053 0
s 412 1033 425 1053 0
a 439 1033 457 1053 0
n 457 1033 478 1053 0
d 479 1033 499 1062 0
f 512 1033 528 1062 0
r 525 1033 539 1053 0
o 541 1033 559 1053 0
g 561 1024 580 1053 0
s 583 1033 596 1053 0
i 611 1033 621 1062 0
n 622 1033 643 1053 0
t 655 1033 667 1058 0
h 667 1033 688 1062 0
e 689 1033 706 1053 0
t 719 1033 731 1058 0
a 732 1033 750 1053 0
s 793 1033 806 1053 0
t 820 1033 832 1058 0
h 832 1033 853 1062 0
a 854 1033 872 1053 0
t 872 1033 884 1058 0
h 896 1033 917 1062 0
e 918 1033 935 1053 0
m 948 1033 981 1053 0
u 981 1033 1002 1052 0
s 1004 1033 1017 1053 0
t 1018 1033 1030 1058 0
e 1044 1033 1061 1053 0
a 1062 1033 1080 1053 0
t 1080 1033 1092 1058 0
M 1105 1033 1140 1061 0
a 1143 1033 1161 1053 0
n 1161 1033 1182 1053 0
d 1244 1033 1264 1062 0
o 11 985 29 1005 0
n 31 985 52 1005 0
o 63 985 81 1005 0
u 83 985 104 1004 0
r 104 985 118 1005 0
g 130 976 149 1005 0
r 150 985 164 1005 0
o 165 985 183 1005 0
u 185 985 206 1004 0
n 206 985 227 1005 0
d 228 985 248 1014 0
t 258 985 270 1010 0
o 271 985 289 1005 0
o 292 985 310 1005 0
T 53 927 76 955 0
h 77 927 98 956 0
e 98 927 115 947 0
L 131 927 155 955 0
a 156 927 174 947 0
w 173 927 203 946 0
o 217 927 235 947 0
f 239 927 255 956 0
t 265 927 277 952 0
h 277 927 298 956 0
e 299 927 316 947 0
J 331 927 346 955 0
u 347 927 368 946 0
n 368 927 389 947 0
g 390 918 409 947 0
l 411 927 421 956 0
e 423 927 440 947 0
w 465 927 495 946 0
h 494 927 515 956 0
i 516 927 526 956 0
c 528 927 544 947 0
h 546 927 567 956 0
n 580 927 601 947 0
e 602 927 619 947 0
v 620 927 640 946 0
e 642 927 659 947 0
r 659 927 673 947 0
o 688 927 706 947 0
r 708 927 722 947 0
d 724 927 744 956 0
e 745 927 762 947 0
r 762 927 776 947 0
s 779 927 792 947 0
a 808 927 826 947 0
n 826 927 847 947 0
h 880 927 901 956 0
i 902 927 912 956 0
n 913 927 934 947 0
g 935 918 954 947 0
w 968 927 998 946 0
i 999 927 1009 956 0
t 1010 927 1022 952 0
h 1023 927 1044 956 0
o 1044 927 1062 947 0
u 1064 927 1085 946 0
t 1085 927 1097 952 0
a 1112 927 1130 947 0
r 1143 927 1157 947 0
e 1159 927 1176 947 0
a 1178 927 1196 947 0
s 1197 927 1210 947 0
o 1213 927 1231 947 0
n 1233 927 1254 947 0
f 12 879 28 908 0
o 26 879 44 899 0
r 45 879 59 899 0
b 60 879 79 908 0
i 82 879 92 908 0
d 94 879 114 908 0
s 116 879 129 899 0
e 150 879 167 899 0
v 168 879 188 898 0
b 261 879 280 908 0
e 283 879 300 899 0
a 302 879 320 899 0
s 322 879 335 899 0
t 336 879 348 904 0
t 367 879 379 904 0
o 381 879 399 899 0
e 420 879 437 899 0
a 439 879 457 899 0
t 457 879 469 904 0
M 488 879 523 907 0
a 526 879 544 899 0
n 544 879 565 899 0
e 584 879 601 899 0
x 602 879 623 898 0
c 624 879 640 899 0
e 642 879 659 899 0
p 660 870 679 899 0
t 681 879 693 904 0
w 712 879 742 898 0
h 741 879 762 908 0
e 763 879 780 899 0
n 781 879 802 899 0
h 820 879 841 908 0
e 842 879 859 899 0
i 879 879 889 908 0
s 892 879 905 899 0
k 925 879 946 908 0
i 947 879 957 908 0
l 960 879 970 908 0
l 972 879 982 908 0
i 985 879 995 908 0
n 996 879 1017 899 0
g 1018 870 1037 899 0
t 1056 879 1068 904 0
o 1070 879 1088 899 0
s 1110 879 1123 899 0
h 1125 879 1146 908 0
o 1147 879 1165 899 0
w 1166 879 1196 898 0
h 1214 879 1235 908 0
i 1236 879 1246 908 0
s 1249 879 1262 899 0
c 11 831 27 851 0
h 29 831 50 860 0
i 51 831 61 860 0
l 63 831 73 860 0
e 111 831 128 851 0
n 129 831 150 851 0
h 160 831 181 860 0
o 182 831 200 851 0
w 202 831 232 850 0
t 241 831 253 856 0
o 255 831 273 851 0
k 285 831 306 860 0
i 307 831 317 860 0
l 319 831 329 860 0
l 332 831 342 860 0
a 365 831 383 851 0
n 383 831 404 851 0
d 405 831 425 860 0
t 435 831 447 856 0
h 447 831 468 860 0
e 469 831 486 851 0
n 487 831 508 851 0
h 518 831 539 860 0
e 540 831 557 851 0
m 568 831 601 851 0
u 602 831 623 850 0
s 624 831 637 851 0
t 639 831 651 856 0
h 662 831 683 860 0
u 683 831 704 850 0
n 704 831 725 851 0
t 725 831 737 856 0
o 748 831 766 851 0
u 768 831 789 850 0
t 789 831 801 856 0
s 804 831 817 851 0
i 819 831 829 860 0
d 832 831 852 860 0
e 853 831 870 851 0
t 881 831 893 856 0
h 893 831 914 860 0
e 915 831 932 851 0
h 943 831 964 860 0
u 964 831 985 850 0
n 985 831 1006 851 0
t 1006 831 1018 856 0
i 1019 831 1029 860 0
n 1031 831 1052 851 0
g 1053 822 1072 851 0
g 1084 822 1103 851 0
r 1104 831 1118 851 0
o 1119 831 1137 851 0
u 1139 831 1160 850 0
n 1160 831 1181 851 0
d 1182 831 1202 860 0
s 1204 831 1217 851 0
o 1230 831 1248 851 0
f 1252 831 1264 860 0
h 11 783 31 812 0
i 32 783 42 812 0
s 45 783 58 803 0
p 80 774 99 803 0
a 101 783 119 803 0
c 120 783 136 803 0
k 138 783 159 812 0
o 179 783 197 803 0
r 199 783 213 803 0
t 233 783 245 808 0
r 246 783 260 803 0
i 261 783 271 812 0
b 273 783 292 812 0
e 295 783 312 803 0
T 343 783 366 811 0
h 367 783 388 812 0
e 389 783 406 803 0
r 427 783 441 803 0
e 442 783 459 803 0
a 461 783 479 803 0
l 480 783 490 812 0
r 511 783 525 803 0
e 526 783 543 803 0
a 545 783 563 803 0
s 565 783 578 803 0
o 581 783 599 803 0
n 600 783 621 803 0
f 643 783 659 812 0
o 657 783 675 803 0
r 676 783 690 803 0
t 711 783 723 808 0
h 723 783 744 812 0
i 745 783 755 812 0
s 758 783 771 803 0
i 794 783 804 812 0
s 807 783 820 803 0
t 841 783 853 808 0
h 854 783 875 812 0
a 876 783 894 803 0
t 894 783 906 808 0
m 926 783 959 803 0
a 960 783 978 803 0
n 978 783 999 803 0
k 1013 783 1034 812 0
i 1035 783 1045 812 0
l 1048 783 1058 812 0
l 1060 783 1070 812 0
i 1073 783 1083 812 0
n 1084 783 1105 803 0
g 1106 774 1125 803 0
m 1145 783 1178 803 0
e 1180 783 1197 803 0
a 1198 783 1216 803 0
n 1216 783 1237 803 0
s 1239 783 1252 803 0
s 12 735 25 755 0
o 28 735 46 755 0
o 48 735 66 755 0
n 68 735 89 755 0
e 90 735 107 755 0
r 108 735 122 755 0
o 141 735 159 755 0
r 161 735 175 755 0
l 195 735 205 764 0
a 207 735 225 755 0
t 225 735 237 760 0
e 238 735 255 755 0
r 256 735 270 755 0
t 297 735 309 760 0
h 309 735 330 764 0
e 331 735 348 755 0
a 368 735 386 755 0
i 416 735 426 764 0
v 427 735 447 754 0
a 449 735 467 755 0
l 468 735 478 764 0
o 498 735 516 755 0
f 520 735 536 764 0
w 550 735 580 754 0
t 613 735 625 760 0
e 626 735 643 755 0
m 662 735 695 755 0
e 696 735 713 755 0
n 714 735 735 755 0
o 754 735 772 755 0
n 774 735 795 755 0
e 813 735 830 755 0
l 832 735 842 764 0
e 845 735 862 755 0
p 862 726 881 755 0
h 883 735 904 764 0
a 905 735 923 755 0
n 923 735 944 755 0
t 944 735 956 760 0
s 958 735 971 755 0
t 1043 735 1055 760 0
h 1055 735 1076 764 0
g 1095 726 1114 755 0
u 1115 735 1136 754 0
n 1136 735 1157 755 0
s 1159 735 1172 755 0
d 1242 735 1262 764 0
h 11 687 31 716 0
u 31 687 52 706 0
n 52 687 73 707 0
d 73 687 93 716 0
r 93 687 107 707 0
e 109 687 126 707 0
d 128 687 148 716 0
s 149 687 162 707 0
o 190 687 208 707 0
f 212 687 228 716 0
b 249 687 268 716 0
r 270 687 284 707 0
w 305 687 334 707 0
n 335 687 355 707 0
m 380 687 413 707 0
e 414 687 431 707 0
n 432 687 453 707 0
t 519 687 531 712 0
h 532 687 553 716 0
g 579 678 598 707 0
o 599 687 617 707 0
n 619 687 640 707 0
g 641 678 660 707 0
s 663 687 676 707 0
a 703 687 721 707 0
n 721 687 742 707 0
d 743 687 763 716 0
r 788 687 802 707 0
o 803 687 821 707 0
c 824 687 840 707 0
k 842 687 863 716 0
e 864 687 881 707 0
t 881 687 893 712 0
s 896 687 909 707 0
a 936 687 954 707 0
n 954 687 975 707 0
d 976 687 996 716 0
t 1021 687 1033 712 0
o 1034 687 1052 707 0
r 1054 687 1068 707 0
c 1069 687 1085 707 0
h 1087 687 1108 716 0
e 1109 687 1126 707 0
s 1129 687 1142 707 0
T 1180 687 1203 715 0
h 1204 687 1225 716 0
e 1226 687 1243 707 0
n 1243 687 1264 707 0
e 11 639 28 659 0
v 29 639 49 658 0
e 51 639 68 659 0
r 68 639 82 659 0
y 83 630 104 658 0
b 104 639 123 668 0
o 126 639 144 659 0
d 146 639 166 668 0
y 166 630 187 658 0
i 212 639 222 668 0
n 223 639 244 659 0
t 268 639 280 664 0
h 281 639 302 668 0
e 303 639 320 659 0
j 341 630 352 668 0
u 357 639 378 658 0
n 378 639 399 659 0
g 399 630 418 659 0
l 420 639 430 668 0
e 433 639 450 659 0
s 477 639 490 659 0
u 491 639 512 658 0
e 540 639 557 659 0
r 558 639 572 659 0
s 574 639 587 659 0
T 624 639 647 667 0
h 648 639 669 668 0
e 670 639 687 659 0
r 712 639 726 659 0
e 728 639 745 659 0
a 746 639 764 659 0
s 766 639 779 659 0
o 782 639 800 659 0
n 802 639 823 659 0
t 846 639 858 664 0
h 859 639 880 668 0
e 881 639 898 659 0
b 922 639 941 668 0
e 944 639 961 659 0
a 963 639 981 659 0
s 983 639 996 659 0
t 997 639 1009 664 0
s 1012 639 1025 659 0
g 1052 630 1071 659 0
i 1072 639 1082 668 0
v 1084 639 1104 658 0
e 1106 639 1123 659 0
a 1148 639 1166 659 0
m 1166 639 1199 659 0
o 1201 639 1219 659 0
n 1220 639 1241 659 0
g 1242 630 1261 659 0
t 11 591 22 616 0
h 22 591 43 620 0
e 44 591 61 611 0
m 62 591 95 611 0
s 97 591 110 611 0
e 113 591 130 611 0
l 132 591 142 620 0
v 143 591 163 610 0
e 165 591 182 611 0
s 185 591 198 611 0
i 214 591 224 620 0
s 227 591 240 611 0
t 255 591 267 616 0
h 268 591 289 620 0
a 290 591 308 611 0
t 307 591 319 616 0
M 334 591 369 619 0
a 372 591 390 611 0
n 390 591 411 611 0
i 425 591 435 620 0
s 438 591 451 611 0
t 466 591 478 616 0
h 479 591 500 620 0
e 501 591 518 611 0
w 532 591 562 610 0
e 562 591 579 611 0
s 640 591 653 611 0
t 655 591 667 616 0
d 721 591 741 620 0
m 754 591 787 611 0
o 789 591 807 611 0
s 810 591 823 611 0
t 825 591 837 616 0
d 852 591 872 620 0
e 873 591 890 611 0
f 893 591 909 620 0
e 906 591 923 611 0
n 924 591 945 611 0
s 947 591 960 611 0
e 962 591 979 611 0
l 981 591 991 620 0
e 994 591 1011 611 0
s 1013 591 1026 611 0
s 1030 591 1043 611 0
o 1059 591 1077 611 0
f 1081 591 1097 620 0
a 1108 591 1126 611 0
l 1127 591 1137 620 0
l 1139 591 1149 620 0
l 1165 591 1175 620 0
i 1178 591 1188 620 0
v 1189 591 1209 610 0
i 1211 591 1221 620 0
n 1222 591 1243 611 0
g 1244 582 1263 611 0
t 11 543 22 568 0
h 22 543 43 572 0
i 44 543 54 572 0
n 56 543 77 563 0
g 78 534 97 563 0
s 99 543 112 563 0
a 141 543 159 563 0
n 159 543 180 563 0
d 181 543 201 572 0
i 217 543 227 572 0
t 229 543 241 568 0
i 258 543 268 572 0
s 271 543 284 563 0
s 345 543 358 563 0
p 360 534 379 563 0
o 382 543 400 563 0
s 431 543 444 563 0
m 445 543 478 563 0
m 480 543 518 563 0
l 519 543 529 572 0
i 532 543 542 572 0
k 543 543 564 572 0
e 565 543 582 563 0
t 598 543 610 568 0
o 612 543 630 563 0
t 647 543 659 568 0
o 661 543 679 563 0
u 681 543 702 562 0
c 703 543 719 563 0
h 720 543 741 572 0
h 757 543 778 572 0
i 779 543 789 572 0
m 790 543 823 563 0
T 851 543 874 571 0
h 875 543 896 572 0
e 896 543 913 563 0
y 914 534 935 562 0
s 953 543 966 563 0
a 968 543 986 563 0
y 986 534 1007 562 0
t 1022 543 1034 568 0
o 1036 543 1054 563 0
o 1057 543 1075 563 0
a 1119 543 1137 563 0
n 1137 543 1158 563 0
d 1159 543 1179 572 0
i 1195 543 1205 572 0
t 1207 543 1219 568 0
i 1236 543 1246 572 0
s 1249 543 1262 563 0
t 11 495 22 520 0
r 22 495 36 515 0
u 37 495 58 514 0
e 59 495 76 515 0
t 118 495 130 520 0
h 131 495 152 524 0
a 153 495 171 515 0
t 170 495 182 520 0
m 228 495 266 515 0
e 282 495 299 515 0
a 301 495 319 515 0
t 318 495 330 520 0
e 332 495 349 515 0
r 350 495 364 515 0
s 366 495 379 515 0
b 391 495 410 524 0
e 413 495 430 515 0
c 432 495 448 515 0
o 451 495 469 515 0
m 470 495 503 515 0
e 505 495 522 515 0
m 533 495 566 515 0
a 567 495 585 515 0
n 585 495 606 515 0
g 607 486 626 515 0
y 627 486 648 514 0
a 669 495 687 515 0
n 687 495 708 515 0
d 709 495 729 524 0
l 740 495 750 524 0
o 753 495 771 515 0
s 774 495 787 515 0
e 790 495 807 515 0
t 818 495 830 520 0
h 831 495 852 524 0
e 853 495 870 515 0
i 871 495 881 524 0
r 883 495 897 515 0
t 908 495 920 520 0
e 921 495 938 515 0
e 940 495 957 515 0
t 958 495 970 520 0
h 970 495 991 524 0
T 53 437 76 465 0
h 77 437 98 466 0
e 98 437 115 457 0
p 132 428 151 457 0
g 220 428 239 457 0
r 240 437 254 457 0
e 256 437 273 457 0
w 273 437 303 456 0
l 320 437 330 466 0
o 332 437 350 457 0
u 352 437 373 456 0
d 374 437 394 466 0
e 395 437 412 457 0
r 412 437 426 457 0
a 452 437 470 457 0
n 470 437 491 457 0
d 492 437 512 466 0
e 529 437 546 457 0
n 547 437 568 457 0
d 568 437 588 466 0
e 589 437 606 457 0
d 608 437 628 466 0
i 645 437 655 466 0
n 656 437 677 457 0
t 693 437 705 462 0
h 706 437 727 466 0
e 728 437 745 457 0
l 798 437 808 466 0
l 810 437 820 466 0
t 837 437 849 462 0
o 885 437 903 457 0
a 906 437 924 457 0
t 924 437 936 462 0
e 938 437 955 457 0
d 956 437 976 466 0
A 1009 437 1039 466 0
a 1039 437 1057 457 0
a 1058 437 1076 457 0
r 1076 437 1090 457 0
h 1090 437 1111 466 0
o 1159 437 1177 457 0
f 1181 437 1197 466 0
t 1210 437 1222 462 0
h 1222 437 1243 466 0
e 1244 437 1261 457 0
t 11 389 22 414 0
i 23 389 33 418 0
g 36 380 55 409 0
e 57 389 74 409 0
r 75 389 89 409 0
s 99 389 112 409 0
c 126 389 142 409 0
h 143 389 164 418 0
a 165 389 183 409 0
r 183 389 197 409 0
g 198 380 217 409 0
e 219 389 236 409 0
T 53 331 76 359 0
h 77 331 98 360 0
e 98 331 115 351 0
n 116 331 137 351 0
t 154 331 166 356 0
h 167 331 188 360 0
e 188 331 205 351 0
r 206 331 220 351 0
e 222 331 239 351 0
w 257 331 287 350 0
a 287 331 305 351 0
s 307 331 320 351 0
a 339 331 357 351 0
h 374 331 395 360 0
o 396 331 414 351 0
w 416 331 446 350 0
l 446 331 456 360 0
a 500 331 518 351 0
n 518 331 539 351 0
u 556 331 577 350 0
n 577 331 598 351 0
t 598 331 610 356 0
i 611 331 621 360 0
g 624 322 643 351 0
e 644 331 661 351 0
r 662 331 676 351 0
i 678 331 688 360 0
s 691 331 704 351 0
h 706 331 727 360 0
h 744 331 765 360 0
o 766 331 784 351 0
w 786 331 816 350 0
l 816 331 826 360 0
f 871 331 887 360 0
r 883 331 897 351 0
o 899 331 917 351 0
m 919 331 952 351 0
S 972 331 990 360 0
h 992 331 1013 360 0
e 1014 331 1031 351 0
r 1032 331 1046 351 0
e 1047 331 1064 351 0
a 1133 331 1151 351 0
n 1151 331 1172 351 0
H 1217 331 1246 359 0
e 1246 331 1263 351 0
h 11 283 31 312 0
a 32 283 50 303 0
s 52 283 65 303 0
m 77 283 110 303 0
i 111 283 121 312 0
s 124 283 137 303 0
s 141 283 154 303 0
e 157 283 174 303 0
d 176 283 196 312 0
s 235 283 248 303 0
a 251 283 269 303 0
i 269 283 279 312 0
d 282 283 302 312 0
M 313 283 348 311 0
o 351 283 369 303 0
t 370 283 382 308 0
h 383 283 404 312 0
e 405 283 422 303 0
r 422 283 436 303 0
W 447 282 486 311 0
o 488 283 506 303 0
l 509 283 519 312 0
f 522 283 538 312 0
W 572 282 611 311 0
h 612 283 633 312 0
a 634 283 652 303 0
t 652 283 664 308 0
i 676 283 686 312 0
s 689 283 702 303 0
i 715 283 725 312 0
t 727 283 739 308 0
F 53 225 74 253 0
a 76 225 94 245 0
t 93 225 105 250 0
h 106 225 127 254 0
e 128 225 145 245 0
r 145 225 159 245 0
W 174 224 213 253 0
o 210 225 228 245 0
l 231 225 241 254 0
f 245 225 261 254 0
o 340 225 358 245 0
u 360 225 381 244 0
t 381 225 393 250 0
a 408 225 426 245 0
f 442 225 458 254 0
e 455 225 472 245 0
w 473 225 503 244 0
p 516 216 535 245 0
a 538 225 556 245 0
c 557 225 573 245 0
e 575 225 592 245 0
s 595 225 608 245 0
a 625 225 643 245 0
n 643 225 664 245 0
d 664 225 684 254 0
h 698 225 719 254 0
e 720 225 737 245 0
d 772 225 792 254 0
S 809 225 827 254 0
h 829 225 850 254 0
e 850 225 867 245 0
r 868 225 882 245 0
e 884 225 901 245 0
a 966 225 984 245 0
n 984 225 1005 245 0
m 1019 225 1052 245 0
u 1052 225 1073 244 0
t 1073 225 1085 250 0
t 1086 225 1098 250 0
e 1099 225 1116 245 0
r 1117 225 1131 245 0
i 1132 225 1142 254 0
n 1144 225 1165 245 0
g 1166 216 1185 245 0
d 1240 225 1260 254 0
m 11 177 43 197 0
u 43 177 64 196 0
m 64 177 97 197 0
b 97 177 116 206 0
l 119 177 129 206 0
i 132 177 142 206 0
n 143 177 164 197 0
g 165 168 184 197 0
s 197 177 210 197 0
a 213 177 231 197 0
v 231 177 251 196 0
a 253 177 271 197 0
g 271 168 290 197 0
e 292 177 309 197 0
l 311 177 321 206 0
y 322 168 343 196 0
a 355 177 373 197 0
s 374 177 387 197 0
h 400 177 421 206 0
e 421 177 438 197 0
t 450 177 462 202 0
u 462 177 483 196 0
m 483 177 516 197 0
b 516 177 535 206 0
l 538 177 548 206 0
e 551 177 568 197 0
d 569 177 589 206 0
a 601 177 619 197 0
b 618 177 637 206 0
o 640 177 658 197 0
u 660 177 681 196 0
t 681 177 693 202 0
i 705 177 715 206 0
n 716 177 737 197 0
t 747 177 759 202 0
h 760 177 781 206 0
e 782 177 799 197 0
s 812 177 825 197 0
c 828 177 844 197 0
r 845 177 859 197 0
u 860 177 881 196 0
b 881 177 900 206 0
T 69 118 92 146 0
h 93 118 114 147 0
e 115 118 132 138 0
f 157 118 173 147 0
o 171 118 189 138 0
o 191 118 209 138 0
l 212 118 222 147 0
h 246 118 267 147 0
a 268 118 286 138 0
s 288 118 301 138 0
h 324 118 345 147 0
a 346 118 364 138 0
d 365 118 385 147 0
n 407 118 428 138 0
o 429 118 447 138 0
m 471 118 504 138 0
o 505 118 523 138 0
r 525 118 539 138 0
e 541 118 558 138 0
s 583 118 596 138 0
e 598 118 615 138 0
n 616 118 637 138 0
s 639 118 652 138 0
e 655 118 672 138 0
t 695 118 707 143 0
h 707 118 728 147 0
a 729 118 747 138 0
n 747 118 768 138 0
t 790 118 802 143 0
o 803 118 821 138 0
j 842 109 853 147 0
u 858 118 879 137 0
m 879 118 912 138 0
p 912 109 931 138 0
a 956 118 974 138 0
t 974 118 986 143 0
a 1010 118 1028 138 0
w 1050 118 1080 137 0
o 1080 118 1098 138 0
o 1101 118 1119 138 0
d 1121 118 1141 147 0
c 1142 118 1158 138 0
u 1160 118 1181 137 0
t 1181 118 1193 143 0
t 1193 118 1205 143 0
e 1207 118 1224 138 0
r 1225 118 1239 138 0
s 1249 118 1262 138 0
c 11 70 27 90 0
a 30 70 48 90 0
m 47 70 80 90 0
p 81 61 100 90 0
r 129 70 143 90 0
e 144 70 161 90 0
a 197 70 215 90 0
n 215 70 236 90 0
d 236 70 256 99 0
h 280 70 301 99 0
a 302 70 320 90 0
s 321 70 334 90 0
b 359 70 378 99 0
u 380 70 401 89 0
r 401 70 415 90 0
n 416 70 437 90 0
e 438 70 455 90 0
d 456 70 476 99 0
s 535 70 548 90 0
f 575 70 591 99 0
e 589 70 606 90 0
e 607 70 624 90 0
t 625 70 637 95 0
s 690 70 703 90 0
a 706 70 724 90 0
i 725 70 735 99 0
d 737 70 757 99 0
F 781 70 802 98 0
a 804 70 822 90 0
t 822 70 834 95 0
h 835 70 856 99 0
e 856 70 873 90 0
r 874 70 888 90 0
W 912 69 951 98 0
o 949 70 967 90 0
l 970 70 980 99 0
f 983 70 999 99 0
t 1061 70 1073 95 0
h 1073 70 1094 99 0
a 1119 70 1137 90 0
g 1161 61 1180 90 0
n 1216 70 1237 90 0
t 1237 70 1249 95 0
T 28 22 51 50 0
a 53 22 71 42 0
b 70 22 89 51 0
a 92 22 110 42 0
q 111 13 131 42 0
u 131 22 152 41 0
i 153 22 163 51 0
i 176 22 186 51 0
s 189 22 202 42 0
t 256 22 268 47 0
h 268 22 289 51 0
m 333 22 366 42 0
